23 227
24 225
25 223
26 221
27 229
28 227
29 225
30 253
31 211
31 251
31 281
32 189
32 209
32 249
32 279
33 187
33 207
33 247
33 277
34 155
34 185
34 205
34 255
34 285
35 153
35 183
35 213
35 233
35 253
35 283
36 151
36 171
36 211
36 231
36 251
36 281
37 189
37 209
37 229
37 259
37 279
38 107
38 157
38 187
38 207
38 237
38 257
38 277
39 105
39 155
39 175
39 215
39 235
39 255
40 153
40 173
40 213
40 233
40 253
41 111
41 151
41 171
41 211
41 231
41 261
41 651
42 109
42 169
42 209
42 259
42 649
43 107
43 257
43 647
44 105
44 175
44 245
44 255
44 645
45 173
45 193
45 213
45 243
45 653
45 683
46 111
46 191
46 211
46 241
46 621
46 651
46 681
47 109
47 189
47 209
47 239
47 619
47 629
47 649
47 679
48 147
48 177
48 187
48 217
48 617
48 677
49 145
49 175
49 215
49 245
49 615
49 685
50 143
50 193
50 213
50 243
50 633
50 683
51 141
51 181
51 191
51 211
51 241
51 621
51 631
51 661
51 681
52 179
52 209
52 269
52 619
52 629
52 659
52 679
53 147
53 177
53 237
53 267
53 617
53 627
53 657
54 105
54 145
54 175
54 235
54 265
54 665
55 103
55 133
55 143
55 223
55 233
55 263
55 633
55 663
56 101
56 131
56 181
56 191
56 221
56 231
56 271
56 631
56 661
56 681
57 99
57 119
57 129
57 149
57 179
57 189
57 219
57 239
57 269
57 659
57 679
58 107
58 117
58 127
58 147
58 167
58 187
58 237
58 267
58 657
58 677
59 105
59 135
59 145
59 165
59 185
59 225
59 235
59 265
59 605
59 675
60 103
60 123
60 133
60 143
60 163
60 223
60 233
60 603
60 643
60 683
61 101
61 121
61 131
61 151
61 171
61 191
61 201
61 221
61 601
61 641
61 681
62 119
62 129
62 149
62 169
62 189
62 199
62 219
62 609
62 639
62 669
62 679
63 117
63 127
63 147
63 167
63 607
63 647
63 667
63 677
64 75
64 125
64 145
64 165
64 205
64 605
64 625
64 645
64 665
65 73
65 93
65 123
65 133
65 203
65 603
65 623
65 643
65 673
65 693
66 71
66 91
66 121
66 131
66 201
66 611
66 621
66 641
66 671
66 691
67 69
67 89
67 119
67 129
67 199
67 609
67 619
67 639
67 669
67 689
68 67
68 97
68 117
68 127
68 607
68 637
68 667
68 687
69 75
69 95
69 115
69 605
69 625
69 635
69 695
70 73
70 93
70 113
70 203
70 603
70 623
70 633
70 693
71 71
71 91
71 111
71 151
71 181
71 621
71 641
71 691
72 99
72 119
72 149
72 179
72 239
72 609
72 639
72 659
72 689
73 97
73 117
73 147
73 177
73 227
73 237
73 637
73 657
74 95
74 115
74 145
74 175
74 225
74 235
74 635
74 655
75 93
75 143
75 173
75 223
75 243
75 653
76 101
76 111
76 131
76 151
76 181
76 201
76 221
76 241
76 661
77 99
77 109
77 129
77 149
77 179
77 199
77 239
77 659
78 97
78 107
78 127
78 147
78 177
78 197
78 227
78 237
78 657
79 95
79 105
79 135
79 195
79 225
79 585
79 655
79 675
79 715
80 63
80 113
80 133
80 223
80 583
80 603
80 673
80 703
80 713
81 61
81 81
81 111
81 131
81 201
81 581
81 621
81 641
81 671
81 701
81 711
82 59
82 79
82 109
82 129
82 199
82 609
82 619
82 639
82 709
83 57
83 77
83 107
83 197
83 227
83 587
83 607
83 617
83 637
83 677
83 707
83 717
84 65
84 75
84 165
84 195
84 225
84 585
84 605
84 615
84 645
84 675
84 705
84 715
85 63
85 73
85 143
85 163
85 193
85 223
85 583
85 603
85 643
85 673
85 703
85 713
86 61
86 71
86 81
86 91
86 131
86 141
86 161
86 191
86 221
86 581
86 601
86 621
86 641
86 671
86 701
86 711
87 59
87 69
87 79
87 89
87 129
87 139
87 159
87 199
87 229
87 619
87 639
88 37
88 67
88 77
88 87
88 137
88 197
88 227
88 607
88 617
88 637
88 687
89 35
89 65
89 85
89 135
89 145
89 165
89 195
89 225
89 605
89 655
89 685
90 33
90 133
90 143
90 163
90 193
90 223
90 583
90 603
90 643
90 653
90 683
91 41
91 71
91 91
91 131
91 141
91 151
91 581
91 601
91 651
91 681
92 39
92 69
92 89
92 109
92 129
92 139
92 149
92 579
92 599
92 689
93 37
93 87
93 107
93 127
93 147
93 587
93 657
93 687
94 35
94 85
94 105
94 145
94 585
94 605
94 655
94 685
95 33
95 63
95 83
95 103
95 133
95 583
95 603
95 653
95 683
95 703
96 61
96 81
96 101
96 151
96 171
96 461
96 581
96 601
96 651
96 701
97 59
97 109
97 149
97 189
97 459
97 579
97 599
97 699
98 67
98 87
98 107
98 127
98 177
98 187
98 237
98 377
98 457
98 627
98 697
99 65
99 85
99 105
99 125
99 175
99 185
99 205
99 235
99 425
99 455
99 615
99 625
99 705
100 53
100 63
100 83
100 173
100 183
100 203
100 233
100 383
100 423
100 453
100 613
100 623
100 703
101 51
101 61
101 131
101 171
101 181
101 201
101 231
101 381
101 421
101 461
101 611
101 621
101 701
102 49
102 59
102 129
102 169
102 189
102 199
102 239
102 379
102 419
102 459
102 609
102 669
102 689
102 699
103 47
103 87
103 127
103 187
103 237
103 377
103 457
103 587
103 617
103 627
103 667
103 687
104 45
104 85
104 105
104 125
104 175
104 185
104 205
104 235
104 375
104 425
104 585
104 615
104 625
104 645
104 685
105 53
105 63
105 83
105 103
105 153
105 173
105 203
105 233
105 383
105 423
105 583
105 613
105 643
105 673
105 683
106 51
106 61
106 81
106 101
106 131
106 151
106 201
106 371
106 381
106 411
106 591
106 611
106 641
106 671
106 681
107 49
107 59
107 89
107 129
107 139
107 369
107 379
107 409
107 589
107 649
107 669
107 689
107 709
108 57
108 87
108 107
108 137
108 157
108 367
108 407
108 587
108 647
108 667
108 687
108 707
109 65
109 85
109 105
109 135
109 155
109 205
109 365
109 415
109 445
109 585
109 645
109 685
109 705
110 63
110 83
110 103
110 133
110 153
110 203
110 373
110 413
110 583
110 623
110 643
110 673
110 703
111 61
111 101
111 141
111 151
111 171
111 201
111 341
111 371
111 411
111 451
111 621
111 641
111 671
112 59
112 89
112 139
112 199
112 339
112 369
112 389
112 409
112 429
112 449
112 469
112 619
112 639
112 709
113 87
113 107
113 137
113 177
113 197
113 347
113 367
113 387
113 407
113 447
113 467
113 597
113 617
113 637
113 647
113 707
114 35
114 65
114 85
114 105
114 135
114 175
114 205
114 345
114 445
114 465
114 595
114 625
114 635
115 33
115 63
115 83
115 103
115 173
115 203
115 343
115 393
115 433
115 443
115 463
115 593
115 613
115 623
115 643
116 31
116 61
116 91
116 101
116 171
116 201
116 341
116 391
116 431
116 471
116 611
116 621
116 641
116 681
117 29
117 39
117 59
117 89
117 109
117 169
117 219
117 339
117 389
117 429
117 449
117 469
117 599
117 609
117 619
117 639
117 679
117 709
118 37
118 67
118 87
118 107
118 217
118 387
118 427
118 447
118 467
118 597
118 607
118 707
119 35
119 65
119 85
119 105
119 125
119 145
119 175
119 185
119 215
119 345
119 465
119 595
119 605
119 615
119 685
119 705
120 33
120 43
120 63
120 103
120 123
120 143
120 173
120 183
120 213
120 343
120 393
120 433
120 593
120 603
120 613
120 683
120 703
121 31
121 41
121 61
121 141
121 181
121 221
121 391
121 411
121 431
121 451
121 571
121 611
121 671
121 681
121 711
122 39
122 129
122 219
122 389
122 449
122 609
122 669
122 679
122 709
122 729
123 37
123 107
123 127
123 147
123 187
123 217
123 357
123 387
123 417
123 447
123 577
123 607
123 667
123 687
123 707
123 727
124 125
124 145
124 185
124 215
124 395
124 415
124 445
124 575
124 605
124 625
124 645
124 665
124 685
124 705
124 725
125 123
125 143
125 183
125 363
125 373
125 393
125 413
125 453
125 573
125 623
125 643
125 683
125 723
126 41
126 111
126 141
126 181
126 361
126 371
126 391
126 411
126 451
126 571
126 621
126 641
126 671
126 681
126 721
127 109
127 129
127 359
127 369
127 389
127 409
127 419
127 429
127 449
127 459
127 619
127 639
127 669
127 729
128 77
128 107
128 127
128 357
128 367
128 387
128 417
128 447
128 457
128 577
128 617
128 647
128 667
128 697
128 727
129 75
129 105
129 175
129 205
129 355
129 375
129 415
129 435
129 575
129 625
129 645
129 695
129 725
130 73
130 173
130 193
130 203
130 373
130 413
130 433
130 463
130 623
130 643
130 663
130 693
131 21
131 71
131 111
131 151
131 171
131 191
131 201
131 361
131 371
131 421
131 431
131 461
131 621
131 641
131 661
131 701
132 19
132 69
132 109
132 149
132 169
132 189
132 209
132 359
132 369
132 419
132 429
132 439
132 459
132 469
132 659
132 699
132 719
133 17
133 77
133 97
133 147
133 177
133 187
133 207
133 417
133 427
133 437
133 457
133 467
133 657
133 677
133 697
133 717
134 15
134 75
134 95
134 145
134 175
134 205
134 435
134 465
134 585
134 635
134 665
134 675
134 695
134 715
135 23
135 73
135 93
135 113
135 153
135 173
135 193
135 203
135 433
135 443
135 463
135 583
135 633
135 663
135 673
135 713
136 21
136 51
136 71
136 91
136 111
136 151
136 191
136 431
136 441
136 461
136 581
136 601
136 631
136 661
136 671
136 721
137 19
137 49
137 109
137 149
137 349
137 399
137 439
137 469
137 579
137 599
137 629
137 659
137 719
138 17
138 47
138 97
138 107
138 347
138 367
138 437
138 467
138 587
138 597
138 637
138 677
138 707
138 717
139 55
139 95
139 115
139 345
139 365
139 385
139 435
139 465
139 585
139 595
139 635
139 675
139 715
140 53
140 93
140 113
140 183
140 343
140 353
140 363
140 403
140 423
140 583
140 593
140 633
140 673
140 683
140 713
141 41
141 51
141 111
141 141
141 181
141 211
141 341
141 351
141 361
141 391
141 401
141 441
141 581
141 601
141 631
141 681
141 711
142 39
142 49
142 109
142 139
142 179
142 209
142 339
142 349
142 359
142 389
142 399
142 429
142 599
142 679
142 709
143 37
143 137
143 177
143 207
143 347
143 367
143 387
143 397
143 427
143 597
143 677
143 707
144 35
144 65
144 135
144 185
144 215
144 345
144 365
144 385
144 395
144 425
144 445
144 685
144 705
145 43
145 63
145 133
145 143
145 163
145 183
145 213
145 343
145 363
145 383
145 403
145 423
145 443
145 613
145 683
145 713
146 41
146 61
146 81
146 131
146 141
146 161
146 181
146 211
146 341
146 351
146 391
146 401
146 441
146 471
146 611
146 681
146 711
147 39
147 69
147 79
147 99
147 129
147 139
147 159
147 179
147 209
147 339
147 389
147 399
147 429
147 439
147 469
147 579
147 609
147 649
147 709
148 37
148 67
148 77
148 97
148 137
148 157
148 207
148 387
148 397
148 427
148 447
148 467
148 577
148 607
148 647
149 65
149 75
149 95
149 135
149 395
149 405
149 425
149 445
149 465
149 575
149 615
149 645
150 63
150 93
150 133
150 163
150 173
150 393
150 423
150 443
150 473
150 573
150 613
150 643
150 713
151 81
151 131
151 161
151 171
151 401
151 421
151 441
151 471
151 581
151 611
151 651
151 661
151 711
152 79
152 99
152 129
152 139
152 159
152 169
152 199
152 369
152 399
152 409
152 419
152 469
152 479
152 579
152 649
152 659
152 709
153 47
153 97
153 137
153 177
153 197
153 367
153 407
153 427
153 477
153 577
153 627
153 647
153 657
153 717
154 45
154 95
154 135
154 175
154 185
154 195
154 365
154 405
154 425
154 475
154 625
154 645
154 665
154 715
155 143
155 173
155 183
155 363
155 403
155 423
155 473
155 613
155 623
155 643
155 663
155 693
155 713
156 51
156 71
156 141
156 171
156 201
156 371
156 421
156 481
156 601
156 611
156 621
156 661
156 691
156 711
157 49
157 69
157 109
157 139
157 189
157 199
157 369
157 409
157 439
157 479
157 599
157 649
157 659
157 669
157 689
158 27
158 47
158 87
158 107
158 137
158 157
158 187
158 197
158 357
158 367
158 387
158 407
158 437
158 467
158 477
158 597
158 617
158 627
158 647
158 667
158 687
158 727
159 25
159 45
159 75
159 85
159 105
159 135
159 155
159 185
159 195
159 355
159 365
159 375
159 385
159 415
159 435
159 465
159 475
159 595
159 615
159 625
159 645
159 665
159 685
159 725
160 73
160 83
160 103
160 133
160 153
160 183
160 353
160 373
160 383
160 413
160 433
160 443
160 463
160 603
160 613
160 623
160 643
160 673
160 683
160 693
160 723
161 31
161 51
161 71
161 81
161 111
161 131
161 151
161 361
161 371
161 391
161 411
161 441
161 461
161 601
161 611
161 671
161 681
161 691
161 721
162 29
162 49
162 69
162 109
162 129
162 149
162 359
162 369
162 389
162 409
162 439
162 469
162 579
162 589
162 599
162 669
162 679
162 689
162 729
163 27
163 87
163 107
163 137
163 157
163 357
163 367
163 387
163 417
163 437
163 447
163 467
163 577
163 587
163 627
163 667
163 677
163 727
164 25
164 85
164 105
164 135
164 155
164 215
164 355
164 375
164 385
164 415
164 435
164 445
164 465
164 615
164 625
164 685
164 725
165 103
165 133
165 153
165 213
165 353
165 373
165 413
165 443
165 463
165 583
165 593
165 623
165 683
166 31
166 101
166 131
166 181
166 211
166 371
166 411
166 441
166 581
166 591
166 621
166 671
166 681
166 701
167 109
167 179
167 209
167 359
167 409
167 439
167 579
167 589
167 629
167 679
167 699
168 107
168 177
168 207
168 227
168 357
168 407
168 577
168 587
168 607
168 627
168 667
168 697
169 105
169 135
169 155
169 175
169 215
169 225
169 355
169 405
169 445
169 605
169 625
169 665
169 685
169 695
169 715
170 103
170 113
170 133
170 153
170 183
170 213
170 363
170 403
170 583
170 603
170 623
170 663
170 683
170 703
170 713
171 111
171 131
171 151
171 181
171 211
171 231
171 361
171 411
171 581
171 591
171 601
171 701
171 711
172 49
172 89
172 109
172 129
172 149
172 179
172 229
172 359
172 409
172 609
172 639
172 669
172 689
172 699
172 719
173 47
173 87
173 117
173 137
173 157
173 177
173 227
173 357
173 407
173 607
173 637
173 667
173 687
173 697
173 717
174 45
174 85
174 115
174 135
174 155
174 225
174 355
174 405
174 435
174 605
174 635
174 665
174 685
174 695
174 715
175 43
175 83
175 113
175 133
175 153
175 183
175 433
175 603
175 633
175 663
175 683
175 713
176 91
176 111
176 131
176 151
176 181
176 231
176 361
176 381
176 431
176 701
176 711
177 49
177 89
177 129
177 179
177 229
177 379
177 429
177 639
177 699
178 47
178 67
178 87
178 127
178 177
178 377
178 437
178 627
178 637
178 657
178 687
178 697
179 45
179 65
179 85
179 135
179 225
179 375
179 405
179 435
179 625
179 635
179 655
179 695
180 63
180 133
180 183
180 223
180 383
180 403
180 433
181 71
181 111
181 131
181 161
181 181
181 191
181 221
181 381
181 401
181 631
181 661
182 69
182 109
182 129
182 149
182 159
182 189
182 219
182 379
182 399
182 629
182 659
182 689
182 709
182 729
183 67
183 107
183 147
183 157
183 187
183 227
183 377
183 407
183 627
183 657
183 687
183 707
183 727
184 65
184 115
184 145
184 155
184 185
184 225
184 405
184 575
184 595
184 625
184 655
184 685
184 725
185 63
185 113
185 143
185 193
185 223
185 403
185 573
185 593
185 673
185 683
185 713
185 723
186 61
186 111
186 151
186 161
186 191
186 221
186 401
186 571
186 631
186 661
186 671
186 691
186 711
186 731
187 39
187 59
187 69
187 109
187 149
187 159
187 179
187 189
187 569
187 599
187 629
187 659
187 669
187 689
187 709
187 729
188 37
188 57
188 147
188 157
188 177
188 187
188 577
188 597
188 627
188 677
188 687
188 707
188 727
189 35
189 65
189 75
189 145
189 175
189 575
189 595
189 625
189 675
189 685
189 705
189 725
190 33
190 63
190 73
190 173
190 573
190 593
190 673
191 61
191 631
191 671
191 711
192 39
192 59
192 79
192 89
192 179
192 599
192 629
192 669
193 37
193 77
193 87
193 177
193 207
193 597
193 607
193 627
193 697
194 35
194 75
194 85
194 125
194 175
194 205
194 605
194 625
194 655
194 675
195 73
195 123
195 183
195 203
195 583
195 603
195 613
195 653
195 673
195 703
196 91
196 121
196 161
196 181
196 201
196 251
196 581
196 601
196 611
196 631
196 641
196 651
196 671
196 701
196 721
197 79
197 89
197 119
197 159
197 179
197 209
197 249
197 579
197 609
197 629
197 639
197 649
197 669
197 689
197 699
197 719
198 87
198 97
198 127
198 157
198 187
198 207
198 247
198 587
198 607
198 637
198 647
198 677
198 687
198 697
198 717
199 95
199 125
199 145
199 185
199 205
199 225
199 245
199 585
199 605
199 615
199 625
199 645
199 655
199 675
199 685
199 695
199 715
200 63
200 93
200 123
200 143
200 163
200 183
200 203
200 223
200 243
200 583
200 613
200 623
200 643
200 653
200 673
200 693
200 703
200 723
201 61
201 91
201 141
201 161
201 181
201 221
201 251
201 581
201 611
201 621
201 641
201 651
201 691
201 701
201 721
202 59
202 99
202 149
202 159
202 179
202 219
202 249
202 579
202 609
202 629
202 639
202 689
202 719
203 67
203 97
203 127
203 147
203 157
203 247
203 597
203 627
203 687
203 717
204 65
204 95
204 125
204 145
204 225
204 595
204 625
204 685
205 63
205 123
205 143
205 223
205 593
205 603
205 623
206 61
206 121
206 221
206 601
206 621
206 681
207 129
207 189
207 239
207 599
207 679
207 709
208 127
208 237
208 597
208 677
208 707
209 125
209 195
209 595
209 605
209 685
209 705
210 83
210 123
210 193
210 243
210 593
210 603
210 633
210 653
210 683
210 703
211 61
211 81
211 171
211 191
211 241
211 601
211 631
211 651
211 681
212 59
212 79
212 169
212 189
212 239
212 599
212 629
212 649
212 659
212 679
212 709
213 77
213 97
213 167
213 237
213 637
213 647
213 657
213 677
213 707
214 65
214 85
214 95
214 165
214 195
214 635
214 655
214 665
214 695
215 63
215 83
215 93
215 133
215 173
215 193
215 213
215 593
215 603
215 633
215 653
215 663
215 693
216 61
216 81
216 101
216 131
216 171
216 211
216 591
216 601
216 631
216 651
216 661
216 691
217 59
217 79
217 99
217 159
217 169
217 209
217 589
217 599
217 649
217 659
217 699
218 97
218 137
218 157
218 167
218 207
218 237
218 597
218 607
218 657
218 697
219 95
219 135
219 215
219 235
219 595
219 605
219 635
219 655
219 695
219 705
220 93
220 133
220 163
220 213
220 233
220 593
220 603
220 623
220 633
220 653
220 663
220 693
220 703
221 131
221 161
221 211
221 241
221 591
221 601
221 621
221 631
221 661
221 701
222 159
222 209
222 239
222 589
222 599
222 619
222 639
222 659
222 709
223 127
223 137
223 157
223 237
223 627
223 637
223 647
223 707
224 125
224 135
224 235
224 625
224 635
224 645
224 675
224 705
225 123
225 163
225 193
225 233
225 623
225 633
225 643
225 673
225 703
226 71
226 121
226 141
226 161
226 191
226 271
226 621
226 631
226 651
226 671
226 701
227 69
227 129
227 139
227 189
227 649
227 669
228 67
228 107
228 127
228 137
228 177
228 187
228 207
228 277
228 647
228 677
228 707
229 75
229 105
229 125
229 145
229 175
229 195
229 205
229 245
229 275
229 645
229 675
229 685
230 73
230 103
230 143
230 173
230 193
230 243
230 273
230 603
230 643
230 673
230 683
231 71
231 101
231 141
231 171
231 191
231 211
231 241
231 271
231 601
231 651
231 681
232 69
232 99
232 139
232 179
232 189
232 209
232 239
232 269
232 599
232 649
232 679
233 97
233 107
233 137
233 177
233 207
233 277
233 597
233 617
233 687
234 105
234 175
234 205
234 245
234 275
234 605
234 615
234 655
234 685
235 103
235 173
235 243
235 273
235 603
235 613
235 653
235 683
236 101
236 241
236 601
236 611
236 651
236 681
237 99
237 139
237 149
237 599
237 619
237 629
237 649
238 97
238 137
238 147
238 617
238 627
239 135
239 145
239 615
239 625
239 655
240 103
240 133
240 143
240 183
240 613
240 623
240 653
240 663
241 141
241 151
241 181
241 211
241 611
241 631
242 139
242 149
242 209
242 229
242 609
242 629
243 137
243 147
243 187
243 207
243 227
243 627
243 667
244 135
244 145
244 185
244 205
244 225
244 615
244 625
244 665
244 685
245 163
245 183
245 203
245 213
245 223
245 613
245 653
245 663
245 683
246 131
246 161
246 181
246 201
246 211
246 231
246 281
246 611
246 631
246 651
246 661
246 681
247 129
247 159
247 199
247 209
247 229
247 279
247 609
247 629
247 649
247 669
247 679
248 127
248 167
248 207
248 227
248 247
248 277
248 627
248 647
248 667
249 125
249 165
249 205
249 225
249 245
249 275
249 625
249 645
249 665
249 685
250 163
250 203
250 243
250 283
250 653
250 673
250 683
251 131
251 161
251 201
251 241
251 281
251 631
251 651
251 671
252 129
252 159
252 249
252 279
252 629
252 649
252 669
253 127
253 247
253 277
253 627
253 647
253 667
254 245
254 645
254 675
255 173
255 243
255 643
255 673
256 171
256 241
256 641
256 671
257 169
257 239
257 639
257 669
258 167
258 647
259 165
259 245
259 645
260 173
260 243
260 643
261 171
261 211
261 241
261 641
262 169
262 209
262 239
263 207
264 205
264 245
265 203
265 243
266 211
267 209
267 649
268 207
268 647
269 645
270 643
272 649
273 647
274 655
275 653
276 651
277 659
278 657
279 655
280 653
281 651
283 657
284 655
285 653
286 651
287 659
288 657
289 655
290 653
291 661
292 659
293 657
294 665
295 663
296 661
297 659
298 657
300 663
302 659
303 657
305 663
306 661
307 659
308 657
310 113
310 663
311 111
311 661
312 659
313 117
313 657
314 115
314 665
315 113
315 663
316 91
316 111
316 661
317 89
317 659
318 87
318 117
318 137
319 85
319 115
319 135
320 93
320 113
320 133
321 91
321 111
321 141
321 661
322 89
322 109
322 139
322 649
322 659
323 87
323 97
323 107
323 137
323 647
323 657
323 677
324 95
324 115
324 135
324 655
324 675
325 93
325 113
325 633
325 653
325 663
326 61
326 91
326 111
326 121
326 311
326 631
326 651
326 661
326 681
327 59
327 89
327 119
327 309
327 629
327 649
327 659
327 679
328 117
328 637
328 647
328 657
328 677
328 697
329 65
329 115
329 315
329 635
329 655
329 675
329 695
330 63
330 123
330 143
330 313
330 633
330 693
331 61
331 121
331 141
331 311
331 621
331 631
331 661
331 701
332 59
332 79
332 119
332 139
332 289
332 309
332 619
332 659
332 679
332 699
333 77
333 117
333 137
333 287
333 617
333 657
333 677
333 697
334 65
334 115
334 145
334 255
334 285
334 335
334 615
334 655
334 675
334 695
335 63
335 83
335 113
335 143
335 253
335 283
335 333
335 623
335 673
335 693
336 81
336 101
336 121
336 141
336 251
336 291
336 331
336 621
336 661
336 681
337 79
337 99
337 119
337 139
337 289
337 329
337 619
337 659
337 679
338 67
338 77
338 97
338 117
338 257
338 287
338 337
338 357
338 637
338 677
339 95
339 115
339 255
339 285
339 305
339 335
339 365
339 635
339 675
340 73
340 93
340 113
340 253
340 303
340 333
340 363
340 633
340 643
341 71
341 81
341 101
341 131
341 251
341 301
341 331
341 361
341 601
341 631
341 641
341 661
342 69
342 99
342 129
342 159
342 309
342 339
342 359
342 599
342 639
342 659
343 67
343 97
343 127
343 157
343 287
343 307
343 337
343 357
343 367
343 597
343 617
343 637
343 657
344 65
344 95
344 135
344 155
344 285
344 305
344 355
344 365
344 595
344 615
344 635
344 655
345 103
345 113
345 133
345 153
345 283
345 303
345 333
345 343
345 363
345 603
345 613
345 633
345 663
346 61
346 71
346 101
346 131
346 151
346 291
346 331
346 341
346 361
346 601
346 621
346 641
346 661
347 59
347 69
347 79
347 99
347 119
347 129
347 159
347 249
347 259
347 289
347 329
347 339
347 359
347 599
347 619
347 659
348 57
348 77
348 97
348 117
348 127
348 157
348 247
348 257
348 287
348 297
348 337
348 597
348 617
348 647
348 657
348 687
349 55
349 75
349 95
349 115
349 155
349 225
349 245
349 255
349 285
349 295
349 335
349 355
349 405
349 605
349 615
349 645
349 685
349 695
349 705
350 63
350 103
350 113
350 223
350 253
350 293
350 333
350 343
350 353
350 403
350 603
350 683
350 693
350 703
351 61
351 81
351 101
351 111
351 221
351 251
351 261
351 331
351 341
351 351
351 381
351 401
351 651
351 681
351 691
351 701
352 59
352 79
352 99
352 119
352 219
352 249
352 259
352 299
352 309
352 329
352 359
352 379
352 399
352 609
352 649
352 679
352 689
352 699
352 719
353 57
353 77
353 97
353 117
353 137
353 227
353 247
353 257
353 297
353 307
353 357
353 377
353 407
353 607
353 647
353 687
353 707
353 717
354 75
354 95
354 115
354 135
354 225
354 245
354 255
354 265
354 295
354 305
354 355
354 375
354 405
354 605
354 645
354 685
354 695
354 705
354 715
355 93
355 133
355 223
355 263
355 293
355 303
355 323
355 353
355 373
355 403
355 603
355 613
355 633
355 683
355 693
355 703
355 713
356 61
356 91
356 131
356 221
356 261
356 311
356 321
356 351
356 381
356 401
356 611
356 631
356 651
356 691
356 711
357 59
357 99
357 119
357 139
357 309
357 379
357 609
357 629
357 649
357 719
358 57
358 97
358 137
358 267
358 307
358 327
358 377
358 607
358 637
358 717
359 55
359 75
359 95
359 125
359 135
359 265
359 305
359 325
359 335
359 415
359 635
359 655
359 715
360 53
360 73
360 93
360 113
360 123
360 133
360 263
360 283
360 323
360 333
360 393
360 413
360 613
360 633
360 653
361 61
361 71
361 111
361 121
361 241
361 261
361 281
361 321
361 391
361 411
361 601
361 611
361 631
361 651
361 691
362 59
362 69
362 109
362 119
362 239
362 279
362 339
362 369
362 389
362 419
362 599
362 629
362 659
362 689
363 57
363 107
363 117
363 167
363 237
363 277
363 337
363 367
363 387
363 417
363 597
363 627
363 657
363 677
363 687
364 75
364 95
364 115
364 125
364 165
364 235
364 285
364 295
364 325
364 335
364 365
364 385
364 415
364 445
364 595
364 625
364 655
364 675
364 695
365 73
365 93
365 113
365 123
365 143
365 163
365 243
365 283
365 333
365 363
365 393
365 413
365 443
365 603
365 623
365 653
365 693
366 71
366 91
366 111
366 121
366 141
366 161
366 201
366 241
366 281
366 301
366 321
366 361
366 391
366 441
366 601
366 651
366 681
366 691
366 711
367 89
367 109
367 139
367 169
367 199
367 239
367 259
367 279
367 299
367 319
367 369
367 389
367 439
367 599
367 629
367 679
367 689
367 709
368 87
368 97
368 137
368 167
368 197
368 237
368 257
368 297
368 317
368 337
368 367
368 417
368 437
368 627
368 677
368 687
368 707
369 85
369 95
369 125
369 165
369 195
369 225
369 255
369 295
369 315
369 335
369 345
369 365
369 415
369 445
369 625
369 675
369 705
370 83
370 93
370 123
370 143
370 173
370 203
370 223
370 253
370 323
370 333
370 343
370 363
370 393
370 413
370 443
370 673
370 713
371 81
371 91
371 121
371 141
371 171
371 201
371 221
371 241
371 261
371 281
371 301
371 321
371 331
371 341
371 361
371 391
371 441
371 601
371 711
372 89
372 129
372 149
372 169
372 199
372 219
372 239
372 259
372 279
372 299
372 319
372 329
372 369
372 389
372 419
372 679
372 709
373 87
373 107
373 127
373 147
373 167
373 227
373 257
373 277
373 337
373 347
373 367
373 387
373 417
373 607
373 627
373 707
374 75
374 85
374 105
374 125
374 145
374 165
374 225
374 245
374 255
374 275
374 335
374 345
374 365
374 395
374 415
374 605
374 625
375 73
375 83
375 103
375 123
375 143
375 173
375 223
375 243
375 283
375 313
375 333
375 343
375 363
375 393
375 603
375 623
375 663
376 71
376 81
376 101
376 121
376 151
376 171
376 221
376 241
376 271
376 281
376 311
376 331
376 341
376 361
376 391
376 601
376 621
376 641
376 661
377 69
377 149
377 169
377 239
377 269
377 279
377 299
377 309
377 379
377 399
377 629
377 639
377 659
378 77
378 87
378 107
378 127
378 147
378 197
378 267
378 277
378 297
378 307
378 377
378 397
378 607
378 627
378 637
378 657
379 75
379 85
379 105
379 145
379 195
379 225
379 245
379 275
379 295
379 315
379 375
379 395
379 605
379 625
379 645
379 665
379 695
380 73
380 83
380 183
380 193
380 223
380 243
380 253
380 273
380 293
380 313
380 343
380 373
380 393
380 413
380 643
380 663
380 693
381 71
381 81
381 101
381 181
381 191
381 221
381 251
381 271
381 281
381 291
381 311
381 381
381 401
381 411
381 431
381 601
381 641
381 661
381 691
381 731
382 99
382 179
382 199
382 219
382 249
382 269
382 279
382 299
382 309
382 349
382 379
382 399
382 409
382 429
382 599
382 639
382 659
382 689
382 729
383 87
383 97
383 177
383 197
383 247
383 277
383 297
383 327
383 347
383 377
383 397
383 407
383 427
383 447
383 587
383 597
383 637
383 697
383 727
384 85
384 95
384 185
384 195
384 225
384 245
384 275
384 295
384 325
384 345
384 375
384 395
384 415
384 425
384 445
384 585
384 605
384 615
384 675
384 695
384 715
384 725
385 183
385 203
385 223
385 253
385 303
385 323
385 343
385 373
385 413
385 423
385 443
385 463
385 583
385 603
385 613
385 673
385 693
385 713
385 723
386 101
386 181
386 201
386 221
386 231
386 251
386 281
386 301
386 321
386 361
386 381
386 411
386 431
386 451
386 461
386 581
386 601
386 611
386 671
386 691
386 711
386 731
387 99
387 179
387 199
387 229
387 249
387 279
387 299
387 329
387 349
387 379
387 399
387 409
387 429
387 449
387 459
387 589
387 599
387 609
387 669
387 709
387 729
388 97
388 197
388 227
388 267
388 277
388 297
388 317
388 327
388 347
388 367
388 377
388 397
388 427
388 447
388 457
388 587
388 597
388 607
388 647
388 677
388 717
388 727
389 205
389 225
389 265
389 275
389 295
389 305
389 315
389 325
389 365
389 375
389 395
389 445
389 465
389 585
389 615
389 645
389 675
389 685
389 715
390 203
390 233
390 263
390 283
390 293
390 303
390 313
390 323
390 353
390 363
390 393
390 413
390 463
390 583
390 613
390 643
390 673
390 683
390 713
391 201
391 231
391 261
391 281
391 291
391 301
391 321
391 351
391 361
391 391
391 411
391 461
391 611
391 631
391 641
391 671
391 711
392 199
392 229
392 269
392 279
392 289
392 299
392 319
392 329
392 349
392 359
392 379
392 399
392 409
392 459
392 629
392 649
392 689
393 217
393 227
393 267
393 277
393 287
393 317
393 327
393 347
393 367
393 377
393 397
393 407
393 437
393 627
393 647
393 667
393 687
393 707
394 215
394 255
394 265
394 275
394 295
394 315
394 345
394 365
394 375
394 395
394 415
394 425
394 435
394 625
394 645
394 665
394 685
394 705
395 213
395 233
395 253
395 263
395 273
395 293
395 333
395 353
395 363
395 403
395 413
395 423
395 433
395 633
395 663
395 683
395 703
396 211
396 231
396 251
396 271
396 291
396 331
396 351
396 381
396 401
396 411
396 431
396 631
396 701
397 219
397 229
397 269
397 329
397 349
397 379
397 399
397 409
397 429
397 439
397 609
397 629
397 669
397 699
397 709
397 729
398 187
398 217
398 227
398 257
398 327
398 377
398 397
398 427
398 437
398 457
398 587
398 607
398 627
398 667
398 687
398 707
398 727
399 185
399 215
399 245
399 255
399 275
399 315
399 325
399 355
399 375
399 405
399 425
399 435
399 455
399 585
399 605
399 665
399 705
399 725
400 183
400 213
400 233
400 243
400 253
400 273
400 293
400 313
400 353
400 403
400 423
400 433
400 453
400 603
400 663
400 703
400 713
400 733
401 181
401 201
401 231
401 241
401 271
401 291
401 311
401 331
401 351
401 401
401 451
401 591
401 601
401 711
401 731
402 199
402 229
402 239
402 289
402 309
402 349
402 399
402 429
402 459
402 589
402 599
402 609
402 689
402 709
402 729
403 187
403 197
403 227
403 237
403 287
403 317
403 347
403 387
403 427
403 457
403 587
403 597
403 607
403 647
403 687
403 707
403 727
404 185
404 195
404 225
404 245
404 295
404 315
404 355
404 365
404 385
404 395
404 425
404 455
404 585
404 595
404 605
404 645
404 685
404 725
405 163
405 183
405 203
405 233
405 243
405 253
405 273
405 293
405 313
405 353
405 363
405 393
405 413
405 423
405 453
405 603
405 613
405 643
405 693
405 733
406 161
406 201
406 231
406 241
406 251
406 271
406 291
406 301
406 311
406 351
406 391
406 411
406 421
406 451
406 591
406 601
406 641
406 691
406 731
407 159
407 199
407 229
407 249
407 289
407 299
407 369
407 389
407 409
407 419
407 459
407 589
407 599
407 619
407 639
407 669
407 689
407 729
408 167
408 227
408 257
408 277
408 297
408 317
408 367
408 387
408 397
408 407
408 427
408 457
408 597
408 617
408 647
408 667
408 687
408 727
409 165
409 185
409 255
409 275
409 295
409 315
409 335
409 365
409 385
409 395
409 415
409 425
409 455
409 595
409 615
409 645
409 665
409 685
409 735
410 163
410 183
410 213
410 253
410 273
410 303
410 313
410 333
410 363
410 393
410 413
410 423
410 613
410 643
410 663
410 733
411 161
411 181
411 211
411 251
411 271
411 301
411 311
411 331
411 351
411 361
411 391
411 411
411 421
411 441
411 611
411 671
411 731
412 189
412 209
412 299
412 319
412 329
412 349
412 369
412 409
412 439
412 619
412 669
412 729
413 187
413 207
413 317
413 337
413 347
413 367
413 377
413 437
413 467
413 617
413 667
414 185
414 215
414 235
414 255
414 315
414 325
414 335
414 355
414 365
414 375
414 415
414 435
414 465
414 665
415 183
415 213
415 233
415 253
415 283
415 323
415 333
415 353
415 373
415 413
415 463
415 583
415 633
415 723
416 211
416 231
416 251
416 281
416 321
416 351
416 411
416 441
416 471
416 581
416 631
416 721
417 209
417 229
417 249
417 279
417 319
417 349
417 379
417 399
417 409
417 439
417 469
417 579
417 609
417 629
417 709
417 719
418 187
418 237
418 257
418 277
418 327
418 347
418 377
418 397
418 417
418 467
418 577
418 607
418 637
418 707
418 717
419 235
419 255
419 305
419 325
419 355
419 375
419 415
419 465
419 575
419 605
419 635
419 655
419 695
419 705
419 715
420 193
420 233
420 253
420 283
420 303
420 323
420 353
420 373
420 403
420 413
420 433
420 453
420 483
420 583
420 603
420 633
420 653
420 693
420 703
420 723
421 191
421 231
421 251
421 271
421 281
421 301
421 321
421 351
421 401
421 411
421 431
421 451
421 481
421 581
421 611
421 631
421 651
421 691
421 721
422 169
422 189
422 239
422 269
422 279
422 299
422 329
422 349
422 399
422 429
422 449
422 479
422 579
422 609
422 659
422 689
422 709
422 719
423 167
423 187
423 237
423 267
423 287
423 307
423 327
423 397
423 427
423 447
423 477
423 607
423 657
423 687
423 707
424 185
424 225
424 235
424 285
424 305
424 395
424 435
424 455
424 605
424 655
424 685
424 695
424 705
425 173
425 193
425 223
425 233
425 273
425 283
425 303
425 333
425 363
425 393
425 403
425 433
425 453
425 483
425 643
425 653
425 683
425 693
426 171
426 191
426 211
426 271
426 281
426 301
426 331
426 361
426 371
426 391
426 421
426 431
426 451
426 481
426 641
426 681
426 691
427 169
427 189
427 209
427 229
427 239
427 269
427 289
427 329
427 359
427 369
427 389
427 419
427 429
427 449
427 479
427 639
427 689
428 167
428 197
428 207
428 227
428 237
428 257
428 267
428 287
428 327
428 367
428 397
428 417
428 637
428 687
429 165
429 195
429 205
429 225
429 235
429 255
429 285
429 305
429 335
429 365
429 375
429 395
429 415
429 595
429 645
429 685
429 725
430 193
430 213
430 223
430 253
430 283
430 303
430 333
430 363
430 373
430 393
430 443
430 593
430 643
430 683
430 723
431 171
431 191
431 211
431 221
431 241
431 251
431 301
431 331
431 361
431 371
431 391
431 421
431 441
431 461
431 591
431 611
431 641
431 691
431 711
431 721
432 189
432 209
432 239
432 309
432 339
432 349
432 369
432 419
432 439
432 459
432 589
432 609
432 639
432 689
432 709
432 719
433 197
433 207
433 227
433 237
433 257
433 307
433 337
433 347
433 397
433 417
433 437
433 457
433 597
433 607
433 687
433 707
434 195
434 235
434 255
434 285
434 305
434 335
434 345
434 375
434 395
434 445
434 455
434 595
434 605
434 705
434 725
435 193
435 213
435 253
435 273
435 283
435 303
435 333
435 343
435 373
435 393
435 433
435 443
435 463
435 593
435 613
435 653
435 673
435 693
435 713
435 723
436 211
436 271
436 281
436 331
436 351
436 401
436 441
436 461
436 591
436 611
436 651
436 671
436 691
436 711
436 731
437 209
437 229
437 269
437 279
437 329
437 349
437 379
437 399
437 439
437 459
437 609
437 649
437 669
437 689
437 709
437 729
438 217
438 227
438 257
438 287
438 327
438 347
438 377
438 397
438 437
438 647
438 667
438 687
439 215
439 225
439 255
439 275
439 285
439 305
439 325
439 345
439 375
439 395
439 435
439 675
439 735
440 193
440 213
440 223
440 253
440 273
440 283
440 303
440 323
440 373
440 433
440 463
440 653
440 673
440 733
441 161
441 191
441 201
441 211
441 231
441 251
441 271
441 281
441 301
441 381
441 421
441 431
441 461
441 591
441 621
441 651
441 671
441 701
441 731
442 189
442 229
442 249
442 269
442 279
442 299
442 329
442 379
442 419
442 439
442 459
442 589
442 649
442 669
442 699
442 729
443 167
443 187
443 207
443 227
443 247
443 257
443 277
443 307
443 327
443 377
443 417
443 437
443 457
443 587
443 627
443 677
443 697
444 165
444 205
444 225
444 245
444 255
444 275
444 305
444 325
444 345
444 375
444 415
444 435
444 465
444 595
444 625
444 675
444 695
445 163
445 193
445 203
445 243
445 253
445 283
445 303
445 343
445 363
445 393
445 423
445 433
445 453
445 463
445 593
445 623
445 673
446 161
446 191
446 201
446 251
446 261
446 281
446 301
446 321
446 341
446 361
446 391
446 421
446 431
446 461
446 591
446 621
446 641
446 701
447 159
447 199
447 249
447 259
447 279
447 319
447 339
447 359
447 389
447 419
447 429
447 439
447 479
447 589
447 619
447 639
447 679
447 699
448 167
448 207
448 247
448 257
448 277
448 317
448 347
448 357
448 377
448 397
448 417
448 437
448 457
448 477
448 587
448 637
448 677
448 697
449 165
449 195
449 205
449 245
449 255
449 285
449 325
449 345
449 375
449 395
449 435
449 455
449 475
449 625
449 645
449 675
450 193
450 283
450 323
450 343
450 363
450 373
450 393
450 433
450 453
450 483
450 593
450 623
450 643
450 673
451 191
451 261
451 281
451 321
451 341
451 361
451 381
451 391
451 431
451 441
451 451
451 481
451 641
451 671
452 199
452 229
452 259
452 279
452 319
452 359
452 379
452 389
452 419
452 439
452 479
452 639
452 669
453 197
453 227
453 257
453 287
453 317
453 377
453 417
453 437
453 457
453 477
453 607
453 667
454 195
454 225
454 285
454 315
454 375
454 415
454 435
454 455
454 475
454 605
454 675
455 193
455 223
455 283
455 313
455 343
455 413
455 603
455 653
455 673
456 191
456 231
456 241
456 271
456 281
456 311
456 341
456 361
456 611
456 631
456 651
456 671
456 721
457 179
457 229
457 239
457 269
457 309
457 339
457 359
457 419
457 609
457 629
457 649
457 669
457 719
458 177
458 227
458 237
458 297
458 317
458 357
458 417
458 607
458 627
458 647
458 667
458 717
459 175
459 215
459 225
459 255
459 275
459 295
459 315
459 345
459 415
459 605
459 625
459 655
459 695
459 715
460 183
460 213
460 223
460 243
460 253
460 273
460 293
460 313
460 343
460 363
460 423
460 443
460 453
460 603
460 633
460 653
460 673
460 693
460 723
461 181
461 211
461 221
461 241
461 251
461 271
461 291
461 311
461 341
461 351
461 361
461 391
461 401
461 421
461 441
461 451
461 601
461 631
461 651
461 691
461 721
462 179
462 209
462 219
462 239
462 259
462 269
462 299
462 329
462 339
462 349
462 359
462 389
462 399
462 419
462 439
462 449
462 469
462 599
462 629
462 649
462 689
462 719
463 177
463 217
463 237
463 257
463 297
463 327
463 347
463 357
463 387
463 397
463 427
463 437
463 457
463 467
463 597
463 627
463 697
464 175
464 215
464 225
464 255
464 275
464 295
464 325
464 345
464 375
464 385
464 405
464 425
464 445
464 455
464 465
464 595
464 695
465 193
465 213
465 223
465 253
465 273
465 293
465 323
465 353
465 373
465 383
465 403
465 423
465 443
465 453
465 473
465 603
465 693
466 181
466 191
466 211
466 221
466 251
466 331
466 351
466 371
466 381
466 391
466 401
466 421
466 441
466 451
466 471
466 601
466 671
467 189
467 209
467 219
467 279
467 299
467 329
467 349
467 369
467 389
467 399
467 439
467 469
467 599
467 669
467 709
468 187
468 207
468 247
468 277
468 297
468 327
468 347
468 377
468 387
468 467
468 597
468 667
468 707
469 195
469 205
469 245
469 275
469 295
469 325
469 335
469 375
469 385
469 445
469 665
470 193
470 203
470 243
470 273
470 293
470 333
470 373
470 383
470 423
470 443
470 713
470 723
471 191
471 211
471 241
471 301
471 331
471 351
471 371
471 391
471 421
471 441
471 671
471 711
472 89
472 189
472 209
472 229
472 249
472 259
472 279
472 299
472 329
472 349
472 389
472 419
472 439
472 659
472 669
472 689
472 709
472 729
473 87
473 177
473 207
473 227
473 247
473 277
473 297
473 347
473 387
473 427
473 447
473 637
473 657
473 667
473 687
473 707
473 727
474 85
474 175
474 205
474 225
474 245
474 265
474 295
474 315
474 345
474 375
474 395
474 425
474 445
474 455
474 635
474 655
474 685
474 725
475 83
475 173
475 233
475 243
475 263
475 283
475 313
475 353
475 373
475 393
475 423
475 443
475 453
475 633
475 653
475 683
475 723
476 91
476 101
476 171
476 231
476 241
476 261
476 281
476 311
476 351
476 371
476 391
476 411
476 421
476 441
476 451
476 631
476 661
476 691
477 89
477 99
477 179
477 219
477 229
477 249
477 259
477 279
477 309
477 319
477 349
477 369
477 389
477 409
477 419
477 449
477 639
477 649
477 659
477 689
477 729
478 67
478 87
478 97
478 177
478 217
478 227
478 247
478 257
478 277
478 317
478 347
478 367
478 447
478 637
478 657
478 687
478 727
479 65
479 85
479 95
479 105
479 175
479 195
479 215
479 225
479 245
479 265
479 285
479 315
479 345
479 375
479 395
479 415
479 455
479 615
479 635
479 655
479 685
480 63
480 93
480 103
480 173
480 193
480 213
480 243
480 263
480 283
480 313
480 323
480 343
480 373
480 393
480 413
480 433
480 453
480 613
480 633
480 653
481 61
481 91
481 101
481 191
481 241
481 261
481 281
481 311
481 321
481 341
481 351
481 371
481 391
481 411
481 431
481 451
481 611
481 651
481 671
482 59
482 89
482 99
482 189
482 219
482 279
482 309
482 319
482 339
482 349
482 359
482 389
482 409
482 429
482 609
482 649
482 669
482 699
483 67
483 87
483 117
483 197
483 217
483 277
483 297
483 307
483 317
483 347
483 357
483 397
483 427
483 467
483 617
483 647
483 667
483 697
484 65
484 115
484 195
484 215
484 265
484 285
484 295
484 315
484 345
484 355
484 395
484 445
484 465
484 615
484 655
484 665
484 695
485 63
485 93
485 113
485 193
485 263
485 283
485 293
485 313
485 343
485 353
485 393
485 413
485 433
485 443
485 463
485 613
485 633
485 653
485 673
485 693
486 71
486 91
486 101
486 111
486 191
486 211
486 261
486 281
486 291
486 311
486 341
486 361
486 391
486 421
486 431
486 441
486 461
486 611
486 631
486 651
486 671
487 59
487 69
487 79
487 99
487 119
487 209
487 259
487 299
487 339
487 359
487 379
487 419
487 429
487 469
487 629
487 649
487 669
487 699
488 57
488 67
488 77
488 97
488 117
488 217
488 237
488 267
488 297
488 327
488 347
488 357
488 377
488 447
488 467
488 627
488 647
488 667
488 697
489 55
489 65
489 95
489 115
489 215
489 235
489 265
489 295
489 305
489 325
489 345
489 355
489 375
489 425
489 445
489 465
489 635
489 645
490 53
490 73
490 83
490 103
490 113
490 213
490 233
490 263
490 293
490 303
490 323
490 343
490 383
490 423
490 443
490 463
490 633
490 683
491 51
491 71
491 81
491 101
491 111
491 191
491 211
491 231
491 251
491 261
491 301
491 321
491 351
491 381
491 401
491 421
491 441
491 631
491 651
491 681
491 691
491 711
492 49
492 59
492 69
492 79
492 99
492 109
492 189
492 209
492 239
492 249
492 259
492 289
492 299
492 319
492 329
492 349
492 379
492 399
492 419
492 629
492 649
492 679
492 689
492 709
493 57
493 77
493 97
493 107
493 187
493 237
493 247
493 267
493 287
493 307
493 317
493 327
493 347
493 377
493 397
493 647
493 677
493 687
493 707
494 55
494 75
494 105
494 115
494 125
494 195
494 215
494 235
494 245
494 265
494 285
494 305
494 315
494 325
494 345
494 365
494 425
494 685
494 705
495 53
495 73
495 83
495 113
495 123
495 193
495 253
495 263
495 303
495 323
495 343
495 363
495 403
495 683
495 693
495 703
496 51
496 71
496 81
496 91
496 111
496 121
496 191
496 251
496 261
496 291
496 301
496 321
496 361
496 401
496 441
496 681
496 691
496 711
497 49
497 69
497 89
497 109
497 119
497 189
497 219
497 249
497 259
497 289
497 319
497 349
497 369
497 399
497 409
497 439
497 659
497 679
497 689
497 709
498 67
498 87
498 117
498 187
498 217
498 247
498 287
498 367
498 397
498 407
498 637
498 657
498 687
498 707
499 55
499 75
499 85
499 125
499 215
499 285
499 315
499 365
499 405
499 445
499 635
499 655
500 53
500 73
500 93
500 103
500 123
500 223
500 243
500 293
500 313
500 343
500 363
500 403
500 443
500 633
500 653
501 71
501 91
501 101
501 121
501 221
501 241
501 291
501 311
501 341
501 361
501 411
501 421
501 441
501 631
502 59
502 69
502 89
502 99
502 119
502 199
502 219
502 239
502 289
502 309
502 339
502 409
502 439
502 659
502 679
503 57
503 67
503 87
503 107
503 117
503 197
503 217
503 237
503 267
503 277
503 297
503 317
503 347
503 407
503 427
503 637
503 657
503 677
504 55
504 65
504 95
504 105
504 115
504 125
504 195
504 215
504 245
504 275
504 295
504 315
504 345
504 385
504 405
504 425
504 635
504 675
505 53
505 73
505 93
505 103
505 113
505 123
505 203
505 243
505 273
505 293
505 313
505 343
505 383
505 393
505 423
505 443
505 633
505 673
506 51
506 61
506 71
506 91
506 101
506 111
506 121
506 131
506 201
506 241
506 271
506 291
506 311
506 341
506 371
506 381
506 391
506 421
506 441
506 681
507 49
507 59
507 69
507 79
507 89
507 99
507 119
507 129
507 199
507 239
507 269
507 289
507 339
507 349
507 369
507 389
507 419
507 439
507 679
508 47
508 57
508 67
508 77
508 117
508 127
508 197
508 237
508 267
508 277
508 347
508 387
508 417
508 427
508 437
508 677
509 55
509 65
509 95
509 105
509 115
509 125
509 195
509 235
509 265
509 275
509 345
509 355
509 375
509 385
509 395
509 415
509 425
509 445
509 675
510 53
510 83
510 93
510 113
510 133
510 263
510 273
510 343
510 353
510 373
510 383
510 393
510 423
510 443
511 51
511 71
511 81
511 91
511 111
511 131
511 201
511 221
511 241
511 261
511 271
511 351
511 371
511 391
511 421
511 441
512 49
512 79
512 89
512 129
512 219
512 239
512 259
512 269
512 319
512 339
512 349
512 369
512 419
512 439
513 77
513 87
513 117
513 127
513 217
513 237
513 257
513 317
513 337
513 417
514 75
514 95
514 225
514 235
514 265
514 315
514 335
514 355
514 375
515 53
515 83
515 93
515 103
515 223
515 263
515 303
515 313
515 333
515 353
515 373
515 383
515 403
516 51
516 61
516 81
516 91
516 101
516 121
516 221
516 241
516 261
516 291
516 301
516 321
516 351
516 401
517 49
517 79
517 99
517 119
517 219
517 239
517 259
517 289
517 319
517 339
517 389
517 399
518 47
518 77
518 97
518 117
518 217
518 277
518 287
518 307
518 317
518 337
518 357
518 367
518 387
518 397
519 55
519 65
519 105
519 115
519 275
519 285
519 305
519 355
519 365
519 385
519 405
519 415
520 53
520 63
520 103
520 123
520 273
520 293
520 303
520 353
520 363
520 383
520 403
520 413
521 51
521 61
521 101
521 121
521 241
521 271
521 291
521 301
521 361
521 401
521 411
522 59
522 99
522 119
522 239
522 259
522 289
522 359
522 369
522 389
522 399
522 409
523 67
523 77
523 117
523 237
523 257
523 277
523 287
523 337
523 357
523 367
523 387
523 417
524 65
524 75
524 235
524 255
524 275
524 335
524 355
524 365
524 415
525 63
525 73
525 93
525 243
525 253
525 273
525 333
525 363
525 413
526 71
526 91
526 241
526 261
526 331
527 59
527 69
527 89
527 109
527 239
527 259
528 57
528 77
528 87
528 237
528 257
528 337
528 357
529 55
529 75
529 95
529 115
529 255
529 285
529 305
529 315
529 335
529 355
529 375
530 63
530 73
530 83
530 93
530 113
530 283
530 303
530 313
530 333
530 353
530 373
531 61
531 81
531 91
531 111
531 281
531 301
531 351
531 371
532 59
532 79
532 89
532 109
532 279
532 299
532 319
532 339
532 359
533 57
533 87
533 107
533 287
533 317
533 337
533 357
533 377
534 55
534 85
534 115
534 285
534 305
534 315
534 335
